{
 "cells": [
  {
   "cell_type": "code",
   "execution_count": 4,
   "id": "20bd2a10",
   "metadata": {},
   "outputs": [],
   "source": [
    "import sys\n",
    "sys.path.append('../..')\n",
    "from pymicro.crystal.microstructure import Microstructure\n",
    "import networkx as nx\n",
    "import numpy as np\n",
    "import matplotlib.pyplot as plt\n",
    "import os"
   ]
  },
  {
   "cell_type": "code",
   "execution_count": 5,
   "id": "6196e6a1",
   "metadata": {},
   "outputs": [],
   "source": [
    "m = Microstructure('../data/Ti64-200x200_data.h5')"
   ]
  },
  {
   "cell_type": "code",
   "execution_count": 6,
   "id": "217297b2",
   "metadata": {},
   "outputs": [
    {
     "data": {
      "text/plain": [
       "[Grain\n",
       "  * id = 1\n",
       "  * Crystal Orientation \n",
       " -------------------\n",
       " orientation matrix = \n",
       "  [[ 0.88702275 -0.44437662 -0.12537962]\n",
       "  [ 0.19007217  0.59889829 -0.77794177]\n",
       "  [ 0.42078878  0.66622087  0.61570004]]\n",
       " Euler angles (degrees) = ( 147.723,  51.997, 189.156)\n",
       " Rodrigues vector = [-0.46561544  0.17609128 -0.20455394]\n",
       " Quaternion = (0.881, <-0.410, 0.155, -0.180>)\n",
       "  * center [0. 0. 0.]\n",
       "  * has vtk mesh ? False,\n",
       " Grain\n",
       "  * id = 2\n",
       "  * Crystal Orientation \n",
       " -------------------\n",
       " orientation matrix = \n",
       "  [[ 0.97524928 -0.01554646 -0.22056099]\n",
       "  [-0.19575858  0.40306114 -0.89399124]\n",
       "  [ 0.10279797  0.91504102  0.39004173]]\n",
       " Euler angles (degrees) = ( 173.590,  67.043, 193.859)\n",
       " Rodrigues vector = [-0.65346897  0.11680557  0.06509725]\n",
       " Quaternion = (0.832, <-0.544, 0.097, 0.054>)\n",
       "  * center [0. 0. 0.]\n",
       "  * has vtk mesh ? False,\n",
       " Grain\n",
       "  * id = 3\n",
       "  * Crystal Orientation \n",
       " -------------------\n",
       " orientation matrix = \n",
       "  [[ 0.71479087  0.28825396 -0.63716847]\n",
       "  [-0.44738553  0.88875346 -0.09981724]\n",
       "  [ 0.53751297  0.35640841  0.76423351]]\n",
       " Euler angles (degrees) = ( 123.547,  40.161, 261.097)\n",
       " Rodrigues vector = [-0.13546786  0.34880016  0.21843468]\n",
       " Quaternion = (0.918, <-0.124, 0.320, 0.200>)\n",
       "  * center [0. 0. 0.]\n",
       "  * has vtk mesh ? False,\n",
       " Grain\n",
       "  * id = 4\n",
       "  * Crystal Orientation \n",
       " -------------------\n",
       " orientation matrix = \n",
       "  [[ 0.95791897  0.28607344  0.02352096]\n",
       "  [-0.28562168  0.95811665 -0.02080243]\n",
       "  [-0.02848684  0.01320895  0.99950689]]\n",
       " Euler angles (degrees) = ( 245.124,   1.799, 131.490)\n",
       " Rodrigues vector = [-0.00868625 -0.0132824   0.14600662]\n",
       " Quaternion = (0.989, <-0.009, -0.013, 0.144>)\n",
       "  * center [0. 0. 0.]\n",
       "  * has vtk mesh ? False,\n",
       " Grain\n",
       "  * id = 5\n",
       "  * Crystal Orientation \n",
       " -------------------\n",
       " orientation matrix = \n",
       "  [[ 0.69445954 -0.00727381 -0.71949498]\n",
       "  [-0.32943912  0.88576867 -0.32693077]\n",
       "  [ 0.63968414  0.46406999  0.61273423]]\n",
       " Euler angles (degrees) = ( 125.960,  52.213, 245.563)\n",
       " Rodrigues vector = [-0.24773257  0.42567965  0.10089856]\n",
       " Quaternion = (0.893, <-0.221, 0.380, 0.090>)\n",
       "  * center [0. 0. 0.]\n",
       "  * has vtk mesh ? False,\n",
       " Grain\n",
       "  * id = 6\n",
       "  * Crystal Orientation \n",
       " -------------------\n",
       " orientation matrix = \n",
       "  [[ 0.85693356  0.44690317 -0.2567926 ]\n",
       "  [-0.15241848  0.69564894  0.70202646]\n",
       "  [ 0.49237535 -0.5624501   0.66424122]]\n",
       " Euler angles (degrees) = (  41.199,  48.376, 339.908)\n",
       " Rodrigues vector = [0.39308233 0.23289058 0.18630851]\n",
       " Quaternion = (0.897, <0.353, 0.209, 0.167>)\n",
       "  * center [0. 0. 0.]\n",
       "  * has vtk mesh ? False,\n",
       " Grain\n",
       "  * id = 7\n",
       "  * Crystal Orientation \n",
       " -------------------\n",
       " orientation matrix = \n",
       "  [[ 0.47165742  0.08399354 -0.87777239]\n",
       "  [-0.38177834  0.91676514 -0.11741795]\n",
       "  [ 0.79484878  0.39049553  0.46446599]]\n",
       " Euler angles (degrees) = ( 116.164,  62.324, 262.381)\n",
       " Rodrigues vector = [-0.17803481  0.5862904   0.16326326]\n",
       " Quaternion = (0.845, <-0.150, 0.495, 0.138>)\n",
       "  * center [0. 0. 0.]\n",
       "  * has vtk mesh ? False,\n",
       " Grain\n",
       "  * id = 8\n",
       "  * Crystal Orientation \n",
       " -------------------\n",
       " orientation matrix = \n",
       "  [[ 0.7936227   0.0732512  -0.6039845 ]\n",
       "  [-0.31801736  0.89625831 -0.30916985]\n",
       "  [ 0.51867906  0.43744176  0.73458609]]\n",
       " Euler angles (degrees) = ( 130.143,  42.728, 242.893)\n",
       " Rodrigues vector = [-0.21802271  0.32783599  0.11425677]\n",
       " Quaternion = (0.925, <-0.202, 0.303, 0.106>)\n",
       "  * center [0. 0. 0.]\n",
       "  * has vtk mesh ? False,\n",
       " Grain\n",
       "  * id = 9\n",
       "  * Crystal Orientation \n",
       " -------------------\n",
       " orientation matrix = \n",
       "  [[ 0.55904476  0.08108942 -0.82516268]\n",
       "  [-0.52402012  0.80580273 -0.27583485]\n",
       "  [ 0.64255106  0.58660588  0.49297228]]\n",
       " Euler angles (degrees) = ( 132.394,  60.464, 251.516)\n",
       " Rodrigues vector = [-0.30178276  0.51357814  0.21173818]\n",
       " Quaternion = (0.845, <-0.255, 0.434, 0.179>)\n",
       "  * center [0. 0. 0.]\n",
       "  * has vtk mesh ? False,\n",
       " Grain\n",
       "  * id = 10\n",
       "  * Crystal Orientation \n",
       " -------------------\n",
       " orientation matrix = \n",
       "  [[ 0.92632462 -0.23089543 -0.29767431]\n",
       "  [-0.27240079  0.13529951 -0.95262367]\n",
       "  [ 0.26023164  0.96352548  0.06243517]]\n",
       " Euler angles (degrees) = ( 164.886,  86.420, 197.353)\n",
       " Rodrigues vector = [-0.9021166   0.26266025  0.01954058]\n",
       " Quaternion = (0.729, <-0.657, 0.191, 0.014>)\n",
       "  * center [0. 0. 0.]\n",
       "  * has vtk mesh ? False,\n",
       " Grain\n",
       "  * id = 11\n",
       "  * Crystal Orientation \n",
       " -------------------\n",
       " orientation matrix = \n",
       "  [[ 0.760343   -0.18562774 -0.62243142]\n",
       "  [-0.13639742  0.89129178 -0.43242884]\n",
       "  [ 0.63503879  0.41369228  0.65236832]]\n",
       " Euler angles (degrees) = ( 123.082,  49.280, 235.211)\n",
       " Rodrigues vector = [-0.25608969  0.3805899  -0.0149002 ]\n",
       " Quaternion = (0.909, <-0.233, 0.346, -0.014>)\n",
       "  * center [0. 0. 0.]\n",
       "  * has vtk mesh ? False,\n",
       " Grain\n",
       "  * id = 12\n",
       "  * Crystal Orientation \n",
       " -------------------\n",
       " orientation matrix = \n",
       "  [[ 0.73512765  0.15267035 -0.66051427]\n",
       "  [-0.37066534  0.9062976  -0.20305629]\n",
       "  [ 0.56762182  0.39410204  0.72283404]]\n",
       " Euler angles (degrees) = ( 124.772,  43.711, 252.911)\n",
       " Rodrigues vector = [-0.17750068  0.36505393  0.15555748]\n",
       " Quaternion = (0.917, <-0.163, 0.335, 0.143>)\n",
       "  * center [0. 0. 0.]\n",
       "  * has vtk mesh ? False,\n",
       " Grain\n",
       "  * id = 13\n",
       "  * Crystal Orientation \n",
       " -------------------\n",
       " orientation matrix = \n",
       "  [[ 0.61726042  0.24880718 -0.74638098]\n",
       "  [-0.38774541  0.9216687  -0.0134276 ]\n",
       "  [ 0.68457511  0.29769413  0.66538345]]\n",
       " Euler angles (degrees) = ( 113.502,  48.288, 268.969)\n",
       " Rodrigues vector = [-0.09709469  0.44657194  0.19865496]\n",
       " Quaternion = (0.895, <-0.087, 0.400, 0.178>)\n",
       "  * center [0. 0. 0.]\n",
       "  * has vtk mesh ? False,\n",
       " Grain\n",
       "  * id = 14\n",
       "  * Crystal Orientation \n",
       " -------------------\n",
       " orientation matrix = \n",
       "  [[ 0.49021534 -0.00308981 -0.87159589]\n",
       "  [-0.26037584  0.95381168 -0.14982555]\n",
       "  [ 0.83180127  0.30038929  0.46676861]]\n",
       " Euler angles (degrees) = ( 109.856,  62.175, 260.246)\n",
       " Rodrigues vector = [-0.15467071  0.58519984  0.08839027]\n",
       " Quaternion = (0.853, <-0.132, 0.499, 0.075>)\n",
       "  * center [0. 0. 0.]\n",
       "  * has vtk mesh ? False,\n",
       " Grain\n",
       "  * id = 15\n",
       "  * Crystal Orientation \n",
       " -------------------\n",
       " orientation matrix = \n",
       "  [[ 0.40032417  0.13614017 -0.90620439]\n",
       "  [-0.49084041  0.86693565 -0.08659251]\n",
       "  [ 0.77383217  0.47946681  0.41387839]]\n",
       " Euler angles (degrees) = ( 121.782,  65.551, 264.542)\n",
       " Rodrigues vector = [-0.2111265   0.62661319  0.23384866]\n",
       " Quaternion = (0.819, <-0.173, 0.513, 0.191>)\n",
       "  * center [0. 0. 0.]\n",
       "  * has vtk mesh ? False,\n",
       " Grain\n",
       "  * id = 16\n",
       "  * Crystal Orientation \n",
       " -------------------\n",
       " orientation matrix = \n",
       "  [[ 0.99468131  0.0012458  -0.10299293]\n",
       "  [-0.10041017  0.2345671  -0.96690026]\n",
       "  [ 0.02295419  0.97209916  0.2334446 ]]\n",
       " Euler angles (degrees) = ( 178.647,  76.500, 186.080)\n",
       " Rodrigues vector = [-0.7873492   0.05114203  0.04127837]\n",
       " Quaternion = (0.785, <-0.618, 0.040, 0.032>)\n",
       "  * center [0. 0. 0.]\n",
       "  * has vtk mesh ? False,\n",
       " Grain\n",
       "  * id = 17\n",
       "  * Crystal Orientation \n",
       " -------------------\n",
       " orientation matrix = \n",
       "  [[ 0.46378641  0.04262687 -0.88492094]\n",
       "  [-0.31634597  0.94096342 -0.12047023]\n",
       "  [ 0.82754296  0.33581363  0.44989088]]\n",
       " Euler angles (degrees) = ( 112.087,  63.263, 262.248)\n",
       " Rodrigues vector = [-0.15983934  0.59988774  0.12575063]\n",
       " Quaternion = (0.845, <-0.135, 0.507, 0.106>)\n",
       "  * center [0. 0. 0.]\n",
       "  * has vtk mesh ? False,\n",
       " Grain\n",
       "  * id = 18\n",
       "  * Crystal Orientation \n",
       " -------------------\n",
       " orientation matrix = \n",
       "  [[ 0.96722272 -0.16217345 -0.19539701]\n",
       "  [-0.16523977  0.18231199 -0.96925649]\n",
       "  [ 0.19281088  0.96977425  0.14953879]]\n",
       " Euler angles (degrees) = ( 168.755,  81.400, 191.398)\n",
       " Rodrigues vector = [-0.84339659  0.16885406  0.00133372]\n",
       " Quaternion = (0.758, <-0.639, 0.128, 0.001>)\n",
       "  * center [0. 0. 0.]\n",
       "  * has vtk mesh ? False,\n",
       " Grain\n",
       "  * id = 19\n",
       "  * Crystal Orientation \n",
       " -------------------\n",
       " orientation matrix = \n",
       "  [[ 0.95644376 -0.254445   -0.14308415]\n",
       "  [-0.0044785   0.47730649 -0.87872549]\n",
       "  [ 0.2918823   0.84109231  0.45537728]]\n",
       " Euler angles (degrees) = ( 160.862,  62.911, 189.248)\n",
       " Rodrigues vector = [-0.59527237  0.15055287 -0.08651971]\n",
       " Quaternion = (0.850, <-0.506, 0.128, -0.074>)\n",
       "  * center [0. 0. 0.]\n",
       "  * has vtk mesh ? False,\n",
       " Grain\n",
       "  * id = 20\n",
       "  * Crystal Orientation \n",
       " -------------------\n",
       " orientation matrix = \n",
       "  [[ 0.87255681 -0.39816545 -0.28303514]\n",
       "  [-0.19144464  0.25432954 -0.94797966]\n",
       "  [ 0.44943694  0.88135167  0.14569033]]\n",
       " Euler angles (degrees) = ( 152.981,  81.623, 196.624)\n",
       " Rodrigues vector = [-0.80495912  0.32230908 -0.09096318]\n",
       " Quaternion = (0.754, <-0.607, 0.243, -0.069>)\n",
       "  * center [0. 0. 0.]\n",
       "  * has vtk mesh ? False,\n",
       " Grain\n",
       "  * id = 21\n",
       "  * Crystal Orientation \n",
       " -------------------\n",
       " orientation matrix = \n",
       "  [[ 0.84187566 -0.53190957 -0.09120085]\n",
       "  [ 0.20384594  0.46989553 -0.85886264]\n",
       "  [ 0.49969212  0.70446463  0.50402121]]\n",
       " Euler angles (degrees) = ( 144.651,  59.734, 186.061)\n",
       " Rodrigues vector = [-0.55519976  0.20984962 -0.26129607]\n",
       " Quaternion = (0.839, <-0.466, 0.176, -0.219>)\n",
       "  * center [0. 0. 0.]\n",
       "  * has vtk mesh ? False,\n",
       " Grain\n",
       "  * id = 22\n",
       "  * Crystal Orientation \n",
       " -------------------\n",
       " orientation matrix = \n",
       "  [[ 0.76971843 -0.13631961  0.62365896]\n",
       "  [ 0.58435421  0.54379116 -0.60234651]\n",
       "  [-0.25702859  0.82807495  0.49822502]]\n",
       " Euler angles (degrees) = ( 197.244,  60.117, 134.004)\n",
       " Rodrigues vector = [-0.50873275 -0.31321859 -0.25630934]\n",
       " Quaternion = (0.838, <-0.427, -0.263, -0.215>)\n",
       "  * center [0. 0. 0.]\n",
       "  * has vtk mesh ? False,\n",
       " Grain\n",
       "  * id = 23\n",
       "  * Crystal Orientation \n",
       " -------------------\n",
       " orientation matrix = \n",
       "  [[ 0.72154469 -0.03387297  0.6915388 ]\n",
       "  [ 0.61438119  0.49184485 -0.61694768]\n",
       "  [-0.31923196  0.87002374  0.37569894]]\n",
       " Euler angles (degrees) = ( 200.149,  67.932, 131.737)\n",
       " Rodrigues vector = [-0.57432235 -0.39039636 -0.25037928]\n",
       " Quaternion = (0.805, <-0.462, -0.314, -0.201>)\n",
       "  * center [0. 0. 0.]\n",
       "  * has vtk mesh ? False,\n",
       " Grain\n",
       "  * id = 24\n",
       "  * Crystal Orientation \n",
       " -------------------\n",
       " orientation matrix = \n",
       "  [[ 0.94946526 -0.0605879  -0.30796886]\n",
       "  [-0.24518875  0.46939873 -0.84826134]\n",
       "  [ 0.19595457  0.88090518  0.43082232]]\n",
       " Euler angles (degrees) = ( 167.459,  64.480, 199.954)\n",
       " Rodrigues vector = [-0.60679188  0.1768347   0.06477936]\n",
       " Quaternion = (0.844, <-0.512, 0.149, 0.055>)\n",
       "  * center [0. 0. 0.]\n",
       "  * has vtk mesh ? False,\n",
       " Grain\n",
       "  * id = 25\n",
       "  * Crystal Orientation \n",
       " -------------------\n",
       " orientation matrix = \n",
       "  [[ 0.37992049  0.08897057 -0.92073049]\n",
       "  [-0.34594267  0.93680119 -0.05222263]\n",
       "  [ 0.85789514  0.33836042  0.38668869]]\n",
       " Euler angles (degrees) = ( 111.525,  67.251, 266.754)\n",
       " Rodrigues vector = [-0.1444779   0.65791922  0.16087578]\n",
       " Quaternion = (0.822, <-0.119, 0.541, 0.132>)\n",
       "  * center [0. 0. 0.]\n",
       "  * has vtk mesh ? False,\n",
       " Grain\n",
       "  * id = 26\n",
       "  * Crystal Orientation \n",
       " -------------------\n",
       " orientation matrix = \n",
       "  [[ 0.95595115 -0.29170708 -0.03262483]\n",
       "  [ 0.03561132  0.22558693 -0.97357196]\n",
       "  [ 0.29135757  0.92952542  0.22603816]]\n",
       " Euler angles (degrees) = ( 162.597,  76.936, 181.919)\n",
       " Rodrigues vector = [-0.79046194  0.13456787 -0.1359535 ]\n",
       " Quaternion = (0.776, <-0.613, 0.104, -0.105>)\n",
       "  * center [0. 0. 0.]\n",
       "  * has vtk mesh ? False,\n",
       " Grain\n",
       "  * id = 27\n",
       "  * Crystal Orientation \n",
       " -------------------\n",
       " orientation matrix = \n",
       "  [[ 0.49879442  0.08304469 -0.86273269]\n",
       "  [-0.42461418  0.89117633 -0.1597108 ]\n",
       "  [ 0.75558382  0.44599139  0.47977574]]\n",
       " Euler angles (degrees) = ( 120.552,  61.329, 259.512)\n",
       " Rodrigues vector = [-0.2110647   0.56392316  0.17690025]\n",
       " Quaternion = (0.847, <-0.179, 0.478, 0.150>)\n",
       "  * center [0. 0. 0.]\n",
       "  * has vtk mesh ? False,\n",
       " Grain\n",
       "  * id = 28\n",
       "  * Crystal Orientation \n",
       " -------------------\n",
       " orientation matrix = \n",
       "  [[ 0.24783056 -0.13673509 -0.95910556]\n",
       "  [-0.41976638  0.87708055 -0.23350778]\n",
       "  [ 0.87314154  0.46047064  0.15997057]]\n",
       " Euler angles (degrees) = ( 117.806,  80.795, 256.317)\n",
       " Rodrigues vector = [-0.30372621  0.80190023  0.12387132]\n",
       " Quaternion = (0.756, <-0.230, 0.606, 0.094>)\n",
       "  * center [0. 0. 0.]\n",
       "  * has vtk mesh ? False,\n",
       " Grain\n",
       "  * id = 29\n",
       "  * Crystal Orientation \n",
       " -------------------\n",
       " orientation matrix = \n",
       "  [[ 0.78046943 -0.56092919 -0.27609039]\n",
       "  [ 0.03236852  0.47726946 -0.87816064]\n",
       "  [ 0.62435546  0.67644088  0.39065068]]\n",
       " Euler angles (degrees) = ( 137.293,  67.005, 197.453)\n",
       " Rodrigues vector = [-0.58699883  0.33999751 -0.22402208]\n",
       " Quaternion = (0.814, <-0.478, 0.277, -0.182>)\n",
       "  * center [0. 0. 0.]\n",
       "  * has vtk mesh ? False,\n",
       " Grain\n",
       "  * id = 30\n",
       "  * Crystal Orientation \n",
       " -------------------\n",
       " orientation matrix = \n",
       "  [[ 0.52312535  0.05284327 -0.85061593]\n",
       "  [-0.51108131  0.81815081 -0.26348651]\n",
       "  [ 0.68200863  0.57257038  0.45500264]]\n",
       " Euler angles (degrees) = ( 130.015,  62.935, 252.789)\n",
       " Rodrigues vector = [-0.2989891   0.54809433  0.20166966]\n",
       " Quaternion = (0.836, <-0.250, 0.458, 0.169>)\n",
       "  * center [0. 0. 0.]\n",
       "  * has vtk mesh ? False,\n",
       " Grain\n",
       "  * id = 31\n",
       "  * Crystal Orientation \n",
       " -------------------\n",
       " orientation matrix = \n",
       "  [[ 0.28894208 -0.03720866 -0.95662324]\n",
       "  [-0.40640054  0.89997314 -0.15775597]\n",
       "  [ 0.86680512  0.43435454  0.24491849]]\n",
       " Euler angles (degrees) = ( 116.615,  75.823, 260.636)\n",
       " Rodrigues vector = [-0.24328305  0.74920004  0.15169149]\n",
       " Quaternion = (0.780, <-0.190, 0.584, 0.118>)\n",
       "  * center [0. 0. 0.]\n",
       "  * has vtk mesh ? False,\n",
       " Grain\n",
       "  * id = 32\n",
       "  * Crystal Orientation \n",
       " -------------------\n",
       " orientation matrix = \n",
       "  [[ 0.80676266 -0.55302047 -0.2080922 ]\n",
       "  [ 0.1265671   0.50574106 -0.8533503 ]\n",
       "  [ 0.57716096  0.66211353  0.47800721]]\n",
       " Euler angles (degrees) = ( 138.922,  61.445, 193.704)\n",
       " Rodrigues vector = [-0.54307755  0.28140122 -0.24353518]\n",
       " Quaternion = (0.835, <-0.454, 0.235, -0.203>)\n",
       "  * center [0. 0. 0.]\n",
       "  * has vtk mesh ? False,\n",
       " Grain\n",
       "  * id = 33\n",
       "  * Crystal Orientation \n",
       " -------------------\n",
       " orientation matrix = \n",
       "  [[ 0.98324432  0.15044757 -0.10293757]\n",
       "  [-0.14670618  0.31788759 -0.93670954]\n",
       "  [-0.1082031   0.93611591  0.33463275]]\n",
       " Euler angles (degrees) = ( 186.593,  70.450, 186.271)\n",
       " Rodrigues vector = [-0.71054351 -0.00199772  0.11273911]\n",
       " Quaternion = (0.812, <-0.577, -0.002, 0.092>)\n",
       "  * center [0. 0. 0.]\n",
       "  * has vtk mesh ? False,\n",
       " Grain\n",
       "  * id = 34\n",
       "  * Crystal Orientation \n",
       " -------------------\n",
       " orientation matrix = \n",
       "  [[ 0.88956191 -0.45392993 -0.05125654]\n",
       "  [ 0.26362685  0.60175703 -0.75391603]\n",
       "  [ 0.37306902  0.65714238  0.65496825]]\n",
       " Euler angles (degrees) = ( 150.416,  49.083, 183.889)\n",
       " Rodrigues vector = [-0.44848366  0.13486549 -0.22806461]\n",
       " Quaternion = (0.887, <-0.398, 0.120, -0.202>)\n",
       "  * center [0. 0. 0.]\n",
       "  * has vtk mesh ? False,\n",
       " Grain\n",
       "  * id = 35\n",
       "  * Crystal Orientation \n",
       " -------------------\n",
       " orientation matrix = \n",
       "  [[ 0.44659383  0.07440577 -0.89163765]\n",
       "  [ 0.09673542  0.98667958  0.13078866]\n",
       "  [ 0.88949209 -0.14466235  0.43344733]]\n",
       " Euler angles (degrees) = (  80.763,  64.313, 278.345)\n",
       " Rodrigues vector = [ 0.09608575  0.62131262 -0.00778926]\n",
       " Quaternion = (0.847, <0.081, 0.526, -0.007>)\n",
       "  * center [0. 0. 0.]\n",
       "  * has vtk mesh ? False,\n",
       " Grain\n",
       "  * id = 36\n",
       "  * Crystal Orientation \n",
       " -------------------\n",
       " orientation matrix = \n",
       "  [[ 0.95606807  0.06307442 -0.28627866]\n",
       "  [-0.29204647  0.28939784 -0.91156884]\n",
       "  [ 0.02535175  0.95512853  0.29510469]]\n",
       " Euler angles (degrees) = ( 178.480,  72.836, 197.435)\n",
       " Rodrigues vector = [-0.73475517  0.12266158  0.13977998]\n",
       " Quaternion = (0.797, <-0.586, 0.098, 0.111>)\n",
       "  * center [0. 0. 0.]\n",
       "  * has vtk mesh ? False,\n",
       " Grain\n",
       "  * id = 37\n",
       "  * Crystal Orientation \n",
       " -------------------\n",
       " orientation matrix = \n",
       "  [[ 0.95978969 -0.24348315 -0.13971292]\n",
       "  [-0.05360728  0.32956334 -0.94261035]\n",
       "  [ 0.27555399  0.91219733  0.30325903]]\n",
       " Euler angles (degrees) = ( 163.192,  72.347, 188.431)\n",
       " Rodrigues vector = [-0.71542044  0.16017318 -0.07323728]\n",
       " Quaternion = (0.805, <-0.576, 0.129, -0.059>)\n",
       "  * center [0. 0. 0.]\n",
       "  * has vtk mesh ? False,\n",
       " Grain\n",
       "  * id = 38\n",
       "  * Crystal Orientation \n",
       " -------------------\n",
       " orientation matrix = \n",
       "  [[ 0.84512124 -0.43596877 -0.30935631]\n",
       "  [-0.00908076  0.56690473 -0.82373331]\n",
       "  [ 0.53449755  0.6989637   0.4751443 ]]\n",
       " Euler angles (degrees) = ( 142.595,  61.631, 200.584)\n",
       " Rodrigues vector = [-0.52740119  0.29227714 -0.14785689]\n",
       " Quaternion = (0.850, <-0.448, 0.248, -0.126>)\n",
       "  * center [0. 0. 0.]\n",
       "  * has vtk mesh ? False,\n",
       " Grain\n",
       "  * id = 39\n",
       "  * Crystal Orientation \n",
       " -------------------\n",
       " orientation matrix = \n",
       "  [[ 0.97310196 -0.07782458 -0.21683154]\n",
       "  [-0.12503506  0.61210354 -0.78083002]\n",
       "  [ 0.19349112  0.78693876  0.58590835]]\n",
       " Euler angles (degrees) = ( 166.186,  54.133, 195.520)\n",
       " Rodrigues vector = [-0.49439056  0.12939386  0.01488766]\n",
       " Quaternion = (0.890, <-0.440, 0.115, 0.013>)\n",
       "  * center [0. 0. 0.]\n",
       "  * has vtk mesh ? False,\n",
       " Grain\n",
       "  * id = 40\n",
       "  * Crystal Orientation \n",
       " -------------------\n",
       " orientation matrix = \n",
       "  [[ 0.99144262  0.05683409 -0.11752198]\n",
       "  [-0.12969249  0.32621803 -0.9363555 ]\n",
       "  [-0.01487912  0.94358447  0.33079741]]\n",
       " Euler angles (degrees) = ( 180.903,  70.683, 187.154)\n",
       " Rodrigues vector = [-0.70982434  0.0387557   0.07042837]\n",
       " Quaternion = (0.814, <-0.578, 0.032, 0.057>)\n",
       "  * center [0. 0. 0.]\n",
       "  * has vtk mesh ? False,\n",
       " Grain\n",
       "  * id = 41\n",
       "  * Crystal Orientation \n",
       " -------------------\n",
       " orientation matrix = \n",
       "  [[ 0.80055047 -0.46782763 -0.37450802]\n",
       "  [ 0.22986061  0.81686223 -0.52905595]\n",
       "  [ 0.55342844  0.33745135  0.76147459]]\n",
       " Euler angles (degrees) = ( 121.373,  40.406, 215.294)\n",
       " Rodrigues vector = [-0.25644753  0.27462782 -0.20648461]\n",
       " Quaternion = (0.919, <-0.236, 0.252, -0.190>)\n",
       "  * center [0. 0. 0.]\n",
       "  * has vtk mesh ? False,\n",
       " Grain\n",
       "  * id = 42\n",
       "  * Crystal Orientation \n",
       " -------------------\n",
       " orientation matrix = \n",
       "  [[ 0.74798437 -0.01263672  0.66359602]\n",
       "  [ 0.5919245   0.46498241 -0.65834392]\n",
       "  [-0.30024117  0.88522971  0.35527957]]\n",
       " Euler angles (degrees) = ( 198.735,  69.189, 134.772)\n",
       " Rodrigues vector = [-0.60102243 -0.37529001 -0.23539846]\n",
       " Quaternion = (0.801, <-0.482, -0.301, -0.189>)\n",
       "  * center [0. 0. 0.]\n",
       "  * has vtk mesh ? False,\n",
       " Grain\n",
       "  * id = 43\n",
       "  * Crystal Orientation \n",
       " -------------------\n",
       " orientation matrix = \n",
       "  [[ 0.92902475 -0.31886206 -0.18772318]\n",
       "  [-0.11372252  0.23672527 -0.96489807]\n",
       "  [ 0.35210821  0.91776255  0.18366184]]\n",
       " Euler angles (degrees) = ( 159.010,  79.417, 191.009)\n",
       " Rodrigues vector = [-0.80133275  0.229773   -0.08731528]\n",
       " Quaternion = (0.766, <-0.614, 0.176, -0.067>)\n",
       "  * center [0. 0. 0.]\n",
       "  * has vtk mesh ? False,\n",
       " Grain\n",
       "  * id = 44\n",
       "  * Crystal Orientation \n",
       " -------------------\n",
       " orientation matrix = \n",
       "  [[ 0.89657652 -0.44077535  0.04321619]\n",
       "  [ 0.29492526  0.52139637 -0.80072774]\n",
       "  [ 0.33040828  0.73065923  0.59746753]]\n",
       " Euler angles (degrees) = ( 155.667,  53.311, 176.911)\n",
       " Rodrigues vector = [-0.50784853  0.09524051 -0.24397783]\n",
       " Quaternion = (0.868, <-0.441, 0.083, -0.212>)\n",
       "  * center [0. 0. 0.]\n",
       "  * has vtk mesh ? False,\n",
       " Grain\n",
       "  * id = 45\n",
       "  * Crystal Orientation \n",
       " -------------------\n",
       " orientation matrix = \n",
       "  [[ 0.81110627 -0.5198479  -0.26807611]\n",
       "  [ 0.16740939  0.64548916 -0.74519653]\n",
       "  [ 0.56042906  0.55955512  0.61058771]]\n",
       " Euler angles (degrees) = ( 134.955,  52.368, 199.786)\n",
       " Rodrigues vector = [-0.42539084  0.27011923 -0.22406789]\n",
       " Quaternion = (0.876, <-0.373, 0.237, -0.196>)\n",
       "  * center [0. 0. 0.]\n",
       "  * has vtk mesh ? False,\n",
       " Grain\n",
       "  * id = 46\n",
       "  * Crystal Orientation \n",
       " -------------------\n",
       " orientation matrix = \n",
       "  [[ 0.79298578 -0.57355757 -0.20543916]\n",
       "  [ 0.06356835  0.41325941 -0.90839182]\n",
       "  [ 0.60591468  0.70728237  0.36416895]]\n",
       " Euler angles (degrees) = ( 139.414,  68.644, 192.743)\n",
       " Rodrigues vector = [-0.62856572  0.31565102 -0.24786898]\n",
       " Quaternion = (0.802, <-0.504, 0.253, -0.199>)\n",
       "  * center [0. 0. 0.]\n",
       "  * has vtk mesh ? False,\n",
       " Grain\n",
       "  * id = 47\n",
       "  * Crystal Orientation \n",
       " -------------------\n",
       " orientation matrix = \n",
       "  [[ 0.67915623  0.16560499  0.7150677 ]\n",
       "  [ 0.54184376  0.54405571 -0.64063151]\n",
       "  [-0.49512844  0.82254384  0.27976679]]\n",
       " Euler angles (degrees) = ( 211.046,  73.754, 131.857)\n",
       " Rodrigues vector = [-0.58457363 -0.48350236 -0.15031641]\n",
       " Quaternion = (0.791, <-0.462, -0.382, -0.119>)\n",
       "  * center [0. 0. 0.]\n",
       "  * has vtk mesh ? False,\n",
       " Grain\n",
       "  * id = 48\n",
       "  * Crystal Orientation \n",
       " -------------------\n",
       " orientation matrix = \n",
       "  [[ 0.89573299  0.42936766 -0.11535086]\n",
       "  [-0.43480512  0.90015607 -0.02575957]\n",
       "  [ 0.09277346  0.07322884  0.99299075]]\n",
       " Euler angles (degrees) = ( 128.285,   6.788, 257.412)\n",
       " Rodrigues vector = [-0.02612604  0.0549303   0.22808134]\n",
       " Quaternion = (0.973, <-0.025, 0.053, 0.222>)\n",
       "  * center [0. 0. 0.]\n",
       "  * has vtk mesh ? False,\n",
       " Grain\n",
       "  * id = 49\n",
       "  * Crystal Orientation \n",
       " -------------------\n",
       " orientation matrix = \n",
       "  [[ 0.84684857 -0.4889542  -0.20921588]\n",
       "  [ 0.03909364  0.44955191 -0.89239832]\n",
       "  [ 0.53039531  0.74754723  0.39981739]]\n",
       " Euler angles (degrees) = ( 144.644,  66.433, 193.194)\n",
       " Rodrigues vector = [-0.60823926  0.27431433 -0.19584762]\n",
       " Quaternion = (0.821, <-0.499, 0.225, -0.161>)\n",
       "  * center [0. 0. 0.]\n",
       "  * has vtk mesh ? False,\n",
       " Grain\n",
       "  * id = 50\n",
       "  * Crystal Orientation \n",
       " -------------------\n",
       " orientation matrix = \n",
       "  [[ 0.59553413  0.33092569  0.73200225]\n",
       "  [ 0.42560834  0.64283996 -0.63687859]\n",
       "  [-0.68131979  0.6908292   0.24198841]]\n",
       " Euler angles (degrees) = ( 224.603,  75.996, 131.025)\n",
       " Rodrigues vector = [-0.53528779 -0.56980462 -0.03817291]\n",
       " Quaternion = (0.787, <-0.422, -0.449, -0.030>)\n",
       "  * center [0. 0. 0.]\n",
       "  * has vtk mesh ? False,\n",
       " Grain\n",
       "  * id = 51\n",
       "  * Crystal Orientation \n",
       " -------------------\n",
       " orientation matrix = \n",
       "  [[ 0.99524674 -0.0756696   0.0613028 ]\n",
       "  [-0.05787242  0.04672483  0.99722996]\n",
       "  [-0.07832435 -0.99603761  0.04212355]]\n",
       " Euler angles (degrees) = ( 355.504,  87.586,   3.518)\n",
       " Rodrigues vector = [ 0.9564187  -0.06699654 -0.00853952]\n",
       " Quaternion = (0.722, <0.690, -0.048, -0.006>)\n",
       "  * center [0. 0. 0.]\n",
       "  * has vtk mesh ? False,\n",
       " Grain\n",
       "  * id = 52\n",
       "  * Crystal Orientation \n",
       " -------------------\n",
       " orientation matrix = \n",
       "  [[ 0.94747425 -0.1370137  -0.28899792]\n",
       "  [-0.26623457  0.16285003 -0.95005213]\n",
       "  [ 0.17723348  0.97709117  0.11781842]]\n",
       " Euler angles (degrees) = ( 169.719,  83.234, 196.919)\n",
       " Rodrigues vector = [-0.86491016  0.20924665  0.05799488]\n",
       " Quaternion = (0.746, <-0.646, 0.156, 0.043>)\n",
       "  * center [0. 0. 0.]\n",
       "  * has vtk mesh ? False,\n",
       " Grain\n",
       "  * id = 53\n",
       "  * Crystal Orientation \n",
       " -------------------\n",
       " orientation matrix = \n",
       "  [[ 0.09016079 -0.01334063  0.99583785]\n",
       "  [ 0.20026922  0.97972811 -0.00500708]\n",
       "  [-0.97558353  0.19988711  0.09100478]]\n",
       " Euler angles (degrees) = ( 258.421,  84.779,  90.288)\n",
       " Rodrigues vector = [-0.09481919 -0.91231764 -0.09885255]\n",
       " Quaternion = (0.735, <-0.070, -0.671, -0.073>)\n",
       "  * center [0. 0. 0.]\n",
       "  * has vtk mesh ? False,\n",
       " Grain\n",
       "  * id = 54\n",
       "  * Crystal Orientation \n",
       " -------------------\n",
       " orientation matrix = \n",
       "  [[ 0.89403023 -0.4012431  -0.19928355]\n",
       "  [-0.00949101  0.42775988 -0.90384259]\n",
       "  [ 0.44790611  0.80995399  0.37862206]]\n",
       " Euler angles (degrees) = ( 151.057,  67.752, 192.434)\n",
       " Rodrigues vector = [-0.63464259  0.23966328 -0.14507122]\n",
       " Quaternion = (0.822, <-0.521, 0.197, -0.119>)\n",
       "  * center [0. 0. 0.]\n",
       "  * has vtk mesh ? False,\n",
       " Grain\n",
       "  * id = 55\n",
       "  * Crystal Orientation \n",
       " -------------------\n",
       " orientation matrix = \n",
       "  [[ 0.89270384  0.3969672  -0.2133    ]\n",
       "  [-0.42800154  0.59871597 -0.67701835]\n",
       "  [-0.14104797  0.69566961  0.70437863]]\n",
       " Euler angles (degrees) = ( 191.461,  45.221, 197.487)\n",
       " Rodrigues vector = [-0.42952896  0.02260844  0.25814167]\n",
       " Quaternion = (0.894, <-0.384, 0.020, 0.231>)\n",
       "  * center [0. 0. 0.]\n",
       "  * has vtk mesh ? False,\n",
       " Grain\n",
       "  * id = 56\n",
       "  * Crystal Orientation \n",
       " -------------------\n",
       " orientation matrix = \n",
       "  [[ 0.98382476  0.14915406 -0.09920638]\n",
       "  [-0.17785121  0.74716082 -0.64040585]\n",
       "  [-0.02139601  0.64769111  0.76160254]]\n",
       " Euler angles (degrees) = ( 181.892,  40.394, 188.806)\n",
       " Rodrigues vector = [-0.36880872  0.02227871  0.09362835]\n",
       " Quaternion = (0.934, <-0.345, 0.021, 0.087>)\n",
       "  * center [0. 0. 0.]\n",
       "  * has vtk mesh ? False,\n",
       " Grain\n",
       "  * id = 57\n",
       "  * Crystal Orientation \n",
       " -------------------\n",
       " orientation matrix = \n",
       "  [[ 0.81991263  0.50099515  0.27703278]\n",
       "  [-0.10546159  0.6078066  -0.78705083]\n",
       "  [-0.56269099  0.6160966   0.55118404]]\n",
       " Euler angles (degrees) = ( 222.406,  56.552, 160.609)\n",
       " Rodrigues vector = [-0.47102819 -0.28189024  0.20358389]\n",
       " Quaternion = (0.863, <-0.406, -0.243, 0.176>)\n",
       "  * center [0. 0. 0.]\n",
       "  * has vtk mesh ? False,\n",
       " Grain\n",
       "  * id = 58\n",
       "  * Crystal Orientation \n",
       " -------------------\n",
       " orientation matrix = \n",
       "  [[ 0.88387258 -0.09651839 -0.45766086]\n",
       "  [ 0.40936103  0.63295971  0.65710393]\n",
       "  [ 0.22625828 -0.76814467  0.5989666 ]]\n",
       " Euler angles (degrees) = (  16.412,  53.204, 325.143)\n",
       " Rodrigues vector = [ 0.45742636  0.21950041 -0.16235945]\n",
       " Quaternion = (0.883, <0.404, 0.194, -0.143>)\n",
       "  * center [0. 0. 0.]\n",
       "  * has vtk mesh ? False,\n",
       " Grain\n",
       "  * id = 59\n",
       "  * Crystal Orientation \n",
       " -------------------\n",
       " orientation matrix = \n",
       "  [[ 0.97017145  0.22486538 -0.09056995]\n",
       "  [-0.22067681  0.66455548 -0.71391019]\n",
       "  [-0.10034493  0.71260198  0.69435532]]\n",
       " Euler angles (degrees) = ( 188.015,  46.024, 187.230)\n",
       " Rodrigues vector = [-0.42850013 -0.00293624  0.13383334]\n",
       " Quaternion = (0.912, <-0.391, -0.003, 0.122>)\n",
       "  * center [0. 0. 0.]\n",
       "  * has vtk mesh ? False,\n",
       " Grain\n",
       "  * id = 60\n",
       "  * Crystal Orientation \n",
       " -------------------\n",
       " orientation matrix = \n",
       "  [[ 0.96463652  0.19922976 -0.17258007]\n",
       "  [-0.2371952   0.3705739  -0.89800524]\n",
       "  [-0.1149557   0.90718382  0.40472546]]\n",
       " Euler angles (degrees) = ( 187.222,  66.126, 190.879)\n",
       " Rodrigues vector = [-0.65884354  0.02103128  0.15928291]\n",
       " Quaternion = (0.828, <-0.545, 0.017, 0.132>)\n",
       "  * center [0. 0. 0.]\n",
       "  * has vtk mesh ? False,\n",
       " Grain\n",
       "  * id = 61\n",
       "  * Crystal Orientation \n",
       " -------------------\n",
       " orientation matrix = \n",
       "  [[ 0.75420517 -0.16680874  0.63509793]\n",
       "  [ 0.59453231  0.58406832 -0.552626  ]\n",
       "  [-0.27875773  0.79437964  0.53968054]]\n",
       " Euler angles (degrees) = ( 199.337,  57.338, 131.028)\n",
       " Rodrigues vector = [-0.4680428  -0.31753658 -0.26454248]\n",
       " Quaternion = (0.848, <-0.397, -0.269, -0.224>)\n",
       "  * center [0. 0. 0.]\n",
       "  * has vtk mesh ? False,\n",
       " Grain\n",
       "  * id = 62\n",
       "  * Crystal Orientation \n",
       " -------------------\n",
       " orientation matrix = \n",
       "  [[ 0.66267709  0.14260461  0.7352027 ]\n",
       "  [-0.31061356  0.94561966  0.09655402]\n",
       "  [-0.68145308 -0.29234806  0.67093541]]\n",
       " Euler angles (degrees) = ( 293.220,  47.861,  82.518)\n",
       " Rodrigues vector = [ 0.11859547 -0.43200838  0.13820862]\n",
       " Quaternion = (0.905, <0.107, -0.391, 0.125>)\n",
       "  * center [0. 0. 0.]\n",
       "  * has vtk mesh ? False,\n",
       " Grain\n",
       "  * id = 63\n",
       "  * Crystal Orientation \n",
       " -------------------\n",
       " orientation matrix = \n",
       "  [[ 0.74770251 -0.15894482  0.64473058]\n",
       "  [ 0.58668244  0.61291451 -0.5292821 ]\n",
       "  [-0.31103809  0.77399766  0.55152784]]\n",
       " Euler angles (degrees) = ( 201.893,  56.528, 129.384)\n",
       " Rodrigues vector = [-0.44753259 -0.32820093 -0.25604057]\n",
       " Quaternion = (0.853, <-0.382, -0.280, -0.218>)\n",
       "  * center [0. 0. 0.]\n",
       "  * has vtk mesh ? False,\n",
       " Grain\n",
       "  * id = 64\n",
       "  * Crystal Orientation \n",
       " -------------------\n",
       " orientation matrix = \n",
       "  [[ 0.13100984 -0.05792875 -0.98968712]\n",
       "  [ 0.17718704  0.98358569 -0.03411649]\n",
       "  [ 0.97541841 -0.17089014  0.13912363]]\n",
       " Euler angles (degrees) = (  80.063,  82.003, 268.026)\n",
       " Rodrigues vector = [ 0.06068798  0.871939   -0.10432347]\n",
       " Quaternion = (0.751, <0.046, 0.654, -0.078>)\n",
       "  * center [0. 0. 0.]\n",
       "  * has vtk mesh ? False,\n",
       " Grain\n",
       "  * id = 65\n",
       "  * Crystal Orientation \n",
       " -------------------\n",
       " orientation matrix = \n",
       "  [[ 0.98671433  0.04331935 -0.15658307]\n",
       "  [-0.16239226  0.29178536 -0.94259752]\n",
       "  [ 0.00485594  0.95550236  0.29494352]]\n",
       " Euler angles (degrees) = ( 179.709,  72.846, 189.432)\n",
       " Rodrigues vector = [-0.73757208  0.06273269  0.07993633]\n",
       " Quaternion = (0.802, <-0.592, 0.050, 0.064>)\n",
       "  * center [0. 0. 0.]\n",
       "  * has vtk mesh ? False,\n",
       " Grain\n",
       "  * id = 66\n",
       "  * Crystal Orientation \n",
       " -------------------\n",
       " orientation matrix = \n",
       "  [[ 0.6443566   0.46334183 -0.60837403]\n",
       "  [ 0.37868191  0.49783295  0.78023229]\n",
       "  [ 0.66438289 -0.73312806  0.14532277]]\n",
       " Euler angles (degrees) = (  42.184,  81.644, 322.055)\n",
       " Rodrigues vector = [0.6615747  0.55639345 0.0370096 ]\n",
       " Quaternion = (0.756, <0.500, 0.421, 0.028>)\n",
       "  * center [0. 0. 0.]\n",
       "  * has vtk mesh ? False,\n",
       " Grain\n",
       "  * id = 67\n",
       "  * Crystal Orientation \n",
       " -------------------\n",
       " orientation matrix = \n",
       "  [[ 0.81335848 -0.49182702  0.31073165]\n",
       "  [ 0.43642344  0.8690169   0.23311845]\n",
       "  [-0.38468501 -0.05399829  0.9214671 ]]\n",
       " Euler angles (degrees) = ( 277.990,  22.858,  53.122)\n",
       " Rodrigues vector = [ 0.07966962 -0.19296533 -0.25757243]\n",
       " Quaternion = (0.949, <0.076, -0.183, -0.244>)\n",
       "  * center [0. 0. 0.]\n",
       "  * has vtk mesh ? False,\n",
       " Grain\n",
       "  * id = 68\n",
       "  * Crystal Orientation \n",
       " -------------------\n",
       " orientation matrix = \n",
       "  [[-0.00374327 -0.05233749  0.99862244]\n",
       "  [ 0.41834284  0.90696102  0.04910168]\n",
       "  [-0.90828149  0.41795034  0.01850001]]\n",
       " Euler angles (degrees) = ( 245.290,  88.940,  87.185)\n",
       " Rodrigues vector = [-0.19193696 -0.99229136 -0.24492688]\n",
       " Quaternion = (0.693, <-0.133, -0.688, -0.170>)\n",
       "  * center [0. 0. 0.]\n",
       "  * has vtk mesh ? False,\n",
       " Grain\n",
       "  * id = 69\n",
       "  * Crystal Orientation \n",
       " -------------------\n",
       " orientation matrix = \n",
       "  [[ 0.12912758 -0.18364644  0.97447426]\n",
       "  [ 0.37512879  0.91871829  0.12343053]\n",
